 1801.3
 2040.18
 2272.58
 2244.89
 2278.21
 2412.65
 2524.06
 2691.51
 2900.25
 2712.99
 2508.58
 2616.82
 2722.84
 2541.62
 2577.74
 2424.61
 2617.32
 2513.88
 2344.02
 2362.44
 1914.09
 2282.58
 2836.53
 2582.58
 2806.75
 2883.27
 2809.99
 3232.03
 3348.79
 3871.62
 4161.66
 4105.37
 4005.1
 4318.35
 4345.75
 4583.02
 4573.8
 4409.08
 4326.45
 4217.9
 3243.08
 3689.61
 3882.16
 3788.02
 3892.7
 4172.79
 4401.32
 4321.44
 4611.7
 4824.2
 5824.71
 5598.58
 5993.11
 5903.61
 5887.61
 6147.52
 6737.78
 7363.8
 7102.75
 6565.8
 5994.53
