 1494806400
 1495065600
 1495324800
 1495584000
 1495843200
 1496102400
 1496361600
 1496620800
 1496880000
 1497139200
 1497398400
 1497657600
 1497916800
 1498176000
 1498435200
 1498694400
 1498953600
 1499212800
 1499472000
 1499731200
 1499990400
 1500249600
 1500508800
 1500768000
 1501027200
 1501286400
 1501545600
 1501804800
 1502064000
 1502323200
 1502582400
 1502841600
 1503100800
 1503360000
 1503619200
 1503878400
 1504137600
 1504396800
 1504656000
 1504915200
 1505174400
 1505433600
 1505692800
 1505952000
 1506211200
 1506470400
 1506729600
 1506988800
 1507248000
 1507507200
 1507766400
 1508025600
 1508284800
 1508544000
 1508803200
 1509062400
 1509321600
 1509580800
 1509840000
 1510099200
 1510358400
